#  Non-editable header begin --------------------------------------------------------------------------------
# 
#  data format...............: continuous
#  setname...................: EDF file_elist
#  filename..................: d2_vizualActiv.set
#  filepath..................: C:\Users\Mihay\OneDrive - Technical University of Cluj-Napoca\Teza doctorat mama\Data\seturi de date  pentru EEGLAB - acasa si facultate\seturi EEGLAB acasa 19 oct 2019\Dorina\vizual activ\
#  nchan.....................: 14
#  pnts......................: 20992
#  srate.....................: 256
#  nevents...................: 120
#  generated by (bdf)........: 
#  generated by (set)........: EDF file_elist
#  reported in ..............: 
#  prog Version..............: 8.10
#  creation date.............: 20-May-2021 13:33:40
#  user Account..............: 
# 
#  Non-editable header end --------------------------------------------------------------------------------

	bin 1,	# 90,	Standard
	bin 2,	# 30,	Stimulated



# item	 bepoch	  ecode	            label	      onset	          diff	     dura	b_flags	   a_flags	  enable	    bin
#                                                 (sec)           (msec)     (msec)    (binary)   (binary)


1     	0     	      0	         target0	     10.9380	      0.00	    0.0	    00000000     00000000	   1	[      1]
2     	0     	      0	         target0	     10.9400	      2.00	    0.0	    00000000     00000000	   1	[      1]
3     	0     	      0	         target0	     11.9910	   1051.00	    0.0	    00000000     00000000	   1	[      1]
4     	0     	      0	         target0	     11.9930	      2.00	    0.0	    00000000     00000000	   1	[      1]
5     	0     	      0	         target0	     13.0430	   1050.00	    0.0	    00000000     00000000	   1	[      1]
6     	0     	      0	         target0	     13.0450	      2.00	    0.0	    00000000     00000000	   1	[      1]
7     	0     	      0	         target0	     13.9610	    916.00	    0.0	    00000000     00000000	   1	[      1]
8     	0     	      0	         target0	     13.9630	      2.00	    0.0	    00000000     00000000	   1	[      1]
9     	0     	      1	         target1	     15.1590	   1196.00	    0.0	    00000000     00000000	   1	[      2]
10    	0     	      1	         target1	     15.1640	      5.00	    0.0	    00000000     00000000	   1	[      2]
11    	0     	      0	         target0	     16.3990	   1235.00	    0.0	    00000000     00000000	   1	[      1]
12    	0     	      0	         target0	     16.4020	      3.00	    0.0	    00000000     00000000	   1	[      1]
13    	0     	      0	         target0	     17.6110	   1209.00	    0.0	    00000000     00000000	   1	[      1]
14    	0     	      0	         target0	     17.6140	      3.00	    0.0	    00000000     00000000	   1	[      1]
15    	0     	      0	         target0	     18.6140	   1000.00	    0.0	    00000000     00000000	   1	[      1]
16    	0     	      0	         target0	     18.6170	      3.00	    0.0	    00000000     00000000	   1	[      1]
17    	0     	      1	         target1	     19.4980	    881.00	    0.0	    00000000     00000000	   1	[      2]
18    	0     	      1	         target1	     19.5010	      3.00	    0.0	    00000000     00000000	   1	[      2]
19    	0     	      0	         target0	     20.6780	   1177.00	    0.0	    00000000     00000000	   1	[      1]
20    	0     	      0	         target0	     20.6810	      3.00	    0.0	    00000000     00000000	   1	[      1]
21    	0     	      0	         target0	     21.7450	   1064.00	    0.0	    00000000     00000000	   1	[      1]
22    	0     	      0	         target0	     21.7480	      3.00	    0.0	    00000000     00000000	   1	[      1]
23    	0     	      1	         target1	     22.6910	    943.00	    0.0	    00000000     00000000	   1	[      2]
24    	0     	      1	         target1	     22.6940	      3.00	    0.0	    00000000     00000000	   1	[      2]
25    	0     	      0	         target0	     23.8060	   1112.00	    0.0	    00000000     00000000	   1	[      1]
26    	0     	      0	         target0	     23.8080	      2.00	    0.0	    00000000     00000000	   1	[      1]
27    	0     	      1	         target1	     24.9180	   1110.00	    0.0	    00000000     00000000	   1	[      2]
28    	0     	      1	         target1	     24.9210	      3.00	    0.0	    00000000     00000000	   1	[      2]
29    	0     	      0	         target0	     26.0460	   1125.00	    0.0	    00000000     00000000	   1	[      1]
30    	0     	      0	         target0	     26.0490	      3.00	    0.0	    00000000     00000000	   1	[      1]
31    	0     	      0	         target0	     27.1200	   1071.00	    0.0	    00000000     00000000	   1	[      1]
32    	0     	      0	         target0	     27.1220	      2.00	    0.0	    00000000     00000000	   1	[      1]
33    	0     	      0	         target0	     28.1650	   1043.00	    0.0	    00000000     00000000	   1	[      1]
34    	0     	      0	         target0	     28.1690	      4.00	    0.0	    00000000     00000000	   1	[      1]
35    	0     	      1	         target1	     29.3140	   1145.00	    0.0	    00000000     00000000	   1	[      2]
36    	0     	      1	         target1	     29.3160	      2.00	    0.0	    00000000     00000000	   1	[      2]
37    	0     	      0	         target0	     30.3120	    996.00	    0.0	    00000000     00000000	   1	[      1]
38    	0     	      0	         target0	     30.3150	      3.00	    0.0	    00000000     00000000	   1	[      1]
39    	0     	      0	         target0	     31.3920	   1077.00	    0.0	    00000000     00000000	   1	[      1]
40    	0     	      0	         target0	     31.3940	      2.00	    0.0	    00000000     00000000	   1	[      1]
41    	0     	      1	         target1	     32.3960	   1002.00	    0.0	    00000000     00000000	   1	[      2]
42    	0     	      1	         target1	     32.3990	      3.00	    0.0	    00000000     00000000	   1	[      2]
43    	0     	      0	         target0	     33.5190	   1120.00	    0.0	    00000000     00000000	   1	[      1]
44    	0     	      0	         target0	     33.5220	      3.00	    0.0	    00000000     00000000	   1	[      1]
45    	0     	      1	         target1	     34.4520	    930.00	    0.0	    00000000     00000000	   1	[      2]
46    	0     	      1	         target1	     34.4530	      1.00	    0.0	    00000000     00000000	   1	[      2]
47    	0     	      0	         target0	     35.4940	   1041.00	    0.0	    00000000     00000000	   1	[      1]
48    	0     	      0	         target0	     35.4970	      3.00	    0.0	    00000000     00000000	   1	[      1]
49    	0     	      1	         target1	     36.5840	   1087.00	    0.0	    00000000     00000000	   1	[      2]
50    	0     	      1	         target1	     36.5860	      2.00	    0.0	    00000000     00000000	   1	[      2]
51    	0     	      0	         target0	     37.7610	   1175.00	    0.0	    00000000     00000000	   1	[      1]
52    	0     	      0	         target0	     37.7640	      3.00	    0.0	    00000000     00000000	   1	[      1]
53    	0     	      1	         target1	     38.6440	    880.00	    0.0	    00000000     00000000	   1	[      2]
54    	0     	      1	         target1	     38.6460	      2.00	    0.0	    00000000     00000000	   1	[      2]
55    	0     	      0	         target0	     39.8050	   1159.00	    0.0	    00000000     00000000	   1	[      1]
56    	0     	      0	         target0	     39.8080	      3.00	    0.0	    00000000     00000000	   1	[      1]
57    	0     	      0	         target0	     40.8170	   1009.00	    0.0	    00000000     00000000	   1	[      1]
58    	0     	      0	         target0	     40.8200	      3.00	    0.0	    00000000     00000000	   1	[      1]
59    	0     	      1	         target1	     41.8610	   1041.00	    0.0	    00000000     00000000	   1	[      2]
60    	0     	      1	         target1	     41.8630	      2.00	    0.0	    00000000     00000000	   1	[      2]
61    	0     	      0	         target0	     42.9790	   1116.00	    0.0	    00000000     00000000	   1	[      1]
62    	0     	      0	         target0	     42.9820	      3.00	    0.0	    00000000     00000000	   1	[      1]
63    	0     	      1	         target1	     44.1540	   1172.00	    0.0	    00000000     00000000	   1	[      2]
64    	0     	      1	         target1	     44.1570	      3.00	    0.0	    00000000     00000000	   1	[      2]
65    	0     	      0	         target0	     45.3040	   1147.00	    0.0	    00000000     00000000	   1	[      1]
66    	0     	      0	         target0	     45.3070	      3.00	    0.0	    00000000     00000000	   1	[      1]
67    	0     	      0	         target0	     46.2850	    978.00	    0.0	    00000000     00000000	   1	[      1]
68    	0     	      0	         target0	     46.2870	      2.00	    0.0	    00000000     00000000	   1	[      1]
69    	0     	      1	         target1	     47.4780	   1191.00	    0.0	    00000000     00000000	   1	[      2]
70    	0     	      1	         target1	     47.4800	      2.00	    0.0	    00000000     00000000	   1	[      2]
71    	0     	      0	         target0	     48.5340	   1054.00	    0.0	    00000000     00000000	   1	[      1]
72    	0     	      0	         target0	     48.5370	      3.00	    0.0	    00000000     00000000	   1	[      1]
73    	0     	      0	         target0	     49.8080	   1271.00	    0.0	    00000000     00000000	   1	[      1]
74    	0     	      0	         target0	     49.8090	      1.00	    0.0	    00000000     00000000	   1	[      1]
75    	0     	      0	         target0	     50.7270	    918.00	    0.0	    00000000     00000000	   1	[      1]
76    	0     	      0	         target0	     50.7300	      3.00	    0.0	    00000000     00000000	   1	[      1]
77    	0     	      0	         target0	     51.7730	   1043.00	    0.0	    00000000     00000000	   1	[      1]
78    	0     	      0	         target0	     51.7750	      2.00	    0.0	    00000000     00000000	   1	[      1]
79    	0     	      1	         target1	     52.6130	    838.00	    0.0	    00000000     00000000	   1	[      2]
80    	0     	      1	         target1	     52.6180	      5.00	    0.0	    00000000     00000000	   1	[      2]
81    	0     	      0	         target0	     53.7430	   1125.00	    0.0	    00000000     00000000	   1	[      1]
82    	0     	      0	         target0	     53.7450	      2.00	    0.0	    00000000     00000000	   1	[      1]
83    	0     	      0	         target0	     54.6730	    928.00	    0.0	    00000000     00000000	   1	[      1]
84    	0     	      0	         target0	     54.6760	      3.00	    0.0	    00000000     00000000	   1	[      1]
85    	0     	      1	         target1	     55.6720	    996.00	    0.0	    00000000     00000000	   1	[      2]
86    	0     	      1	         target1	     55.6750	      3.00	    0.0	    00000000     00000000	   1	[      2]
87    	0     	      0	         target0	     56.8310	   1156.00	    0.0	    00000000     00000000	   1	[      1]
88    	0     	      0	         target0	     56.8340	      3.00	    0.0	    00000000     00000000	   1	[      1]
89    	0     	      1	         target1	     57.9210	   1087.00	    0.0	    00000000     00000000	   1	[      2]
90    	0     	      1	         target1	     57.9240	      3.00	    0.0	    00000000     00000000	   1	[      2]
91    	0     	      0	         target0	     59.0920	   1168.00	    0.0	    00000000     00000000	   1	[      1]
92    	0     	      0	         target0	     59.0950	      3.00	    0.0	    00000000     00000000	   1	[      1]
93    	0     	      0	         target0	     60.1320	   1037.00	    0.0	    00000000     00000000	   1	[      1]
94    	0     	      0	         target0	     60.1350	      3.00	    0.0	    00000000     00000000	   1	[      1]
95    	0     	      0	         target0	     61.2350	   1100.00	    0.0	    00000000     00000000	   1	[      1]
96    	0     	      0	         target0	     61.2370	      2.00	    0.0	    00000000     00000000	   1	[      1]
97    	0     	      0	         target0	     62.3750	   1138.00	    0.0	    00000000     00000000	   1	[      1]
98    	0     	      0	         target0	     62.3790	      4.00	    0.0	    00000000     00000000	   1	[      1]
99    	0     	      0	         target0	     63.3830	   1004.00	    0.0	    00000000     00000000	   1	[      1]
100   	0     	      0	         target0	     63.3860	      3.00	    0.0	    00000000     00000000	   1	[      1]
101   	0     	      0	         target0	     64.4550	   1069.00	    0.0	    00000000     00000000	   1	[      1]
102   	0     	      0	         target0	     64.4580	      3.01	    0.0	    00000000     00000000	   1	[      1]
103   	0     	      0	         target0	     65.4850	   1027.00	    0.0	    00000000     00000000	   1	[      1]
104   	0     	      0	         target0	     65.4900	      5.00	    0.0	    00000000     00000000	   1	[      1]
105   	0     	      0	         target0	     66.5290	   1039.00	    0.0	    00000000     00000000	   1	[      1]
106   	0     	      0	         target0	     66.5310	      2.00	    0.0	    00000000     00000000	   1	[      1]
107   	0     	      0	         target0	     67.6380	   1107.00	    0.0	    00000000     00000000	   1	[      1]
108   	0     	      0	         target0	     67.6410	      3.00	    0.0	    00000000     00000000	   1	[      1]
109   	0     	      0	         target0	     68.6390	    998.00	    0.0	    00000000     00000000	   1	[      1]
110   	0     	      0	         target0	     68.6420	      3.00	    0.0	    00000000     00000000	   1	[      1]
111   	0     	      0	         target0	     69.7560	   1114.00	    0.0	    00000000     00000000	   1	[      1]
112   	0     	      0	         target0	     69.7590	      3.00	    0.0	    00000000     00000000	   1	[      1]
113   	0     	      0	         target0	     70.8400	   1081.00	    0.0	    00000000     00000000	   1	[      1]
114   	0     	      0	         target0	     70.8430	      3.00	    0.0	    00000000     00000000	   1	[      1]
115   	0     	      0	         target0	     71.6900	    847.00	    0.0	    00000000     00000000	   1	[      1]
116   	0     	      0	         target0	     71.6920	      2.00	    0.0	    00000000     00000000	   1	[      1]
117   	0     	      0	         target0	     72.7720	   1080.00	    0.0	    00000000     00000000	   1	[      1]
118   	0     	      0	         target0	     72.7750	      3.00	    0.0	    00000000     00000000	   1	[      1]
119   	0     	      0	         target0	     73.8490	   1074.01	    0.0	    00000000     00000000	   1	[      1]
120   	0     	      0	         target0	     73.8510	      2.00	    0.0	    00000000     00000000	   1	[      1]
